967 982
60
613 278 2   334
347 564 2   669
203 431 6   240
590 199 1   159
608 576 1   243
573 481 1   505
296 359 2   154
585 536 1   196
486 385 2   525
399 636 2   323
570 580 1   426
587 539 1   306
323 477 1   613
278 466 6   841
592 504 1   827
577 498 1   283
496 322 2   232
464 211 1   733
296 542 2   441
619 590 1   807
414 321 2   330
546 489 2   537
623 532 1   696
402 275 6   763
443 505 1   675
320 288 1   153
275 465 2   719
425 450 3   252
279 484 6   362
411 434 4   848
274 494 2   415
289 384 1   464
489 534 1   211
590 571 1   205
537 629 1   278
580 414 2   146
555 455 1   630
498 410 1   514
504 350 1   527
511 467 1   240
482 387 1   626
615 569 1   299
404 545 2   591
599 328 1   442
348 488 1   354
547 406 2   595
428 544 1   762
291 262 1   363
611 365 1   155
380 265 5   782
392 354 4   427
432 220 2   689
524 198 4   583
366 415 1   702
313 437 5   819
194 438 1   499
201 620 1   230
593 432 1   806
500 580 1   551
491 614 1   342
