678 524
35
366 317 1   359
354 173 1   270
330 281 1   836
190 221 5   976
323 275 1   628
394 195 1   488
266 133 5   881
254 158 2   605
340 151 3   423
400 335 1   663
371 174 3   591
225 249 3   492
222 191 1   637
431 263 1   259
319 181 4   331
242 257 2   398
158 164 8   999
277 168 6   574
252 213 2   249
275 153 4   355
266 257 1   890
262 283 1   360
407 306 1   751
191 247 5   861
181 141 4   897
413 230 1   631
148 192 8   882
344 188 1   246
259 106 2   236
344 185 1   280
364 167 3   465
371 271 1   464
412 121 4   557
339 300 2   358
428 298 1   422
