362 405
50
230 137 2   273
98  204 1   550
122 260 2   702
168 205 1   337
77  252 1   542
132 110 3   213
217 162 1   346
164 106 3   552
75  123 10  731
202 229 1   616
228 83  1   442
153 192 3   609
222 257 1   404
151 257 1   840
220 259 1   899
141 213 2   792
170 217 2   973
158 131 4   698
150 114 4   441
179 196 3   700
200 103 3   728
234 186 2   205
176 190 4   444
163 233 2   668
106 115 8   205
200 159 2   779
185 253 1   160
204 133 2   683
201 213 1   739
212 103 1   841
189 121 2   372
160 214 2   326
200 204 1   505
91  109 4   476
95  118 8   978
110 118 2   461
184 102 2   751
100 152 3   680
116 226 1   898
134 114 3   389
89  179 3   365
87  88  9   217
137 254 1   311
154 135 4   978
229 164 2   240
123 162 4   764
200 216 1   544
176 175 4   722
182 185 1   606
207 257 1   940
