970 992
60
613 278 2   334
347 564 3   669
203 431 5   240
590 199 2   159
608 576 1   243
573 481 2   505
296 359 2   154
585 536 1   196
486 385 3   525
399 636 3   323
570 580 1   426
587 539 1   306
323 477 2   613
278 466 4   841
592 504 1   827
577 498 1   283
496 322 2   232
464 211 3   733
296 542 3   441
619 590 1   807
414 321 3   330
546 489 1   537
623 532 1   696
402 275 4   763
443 505 1   675
320 288 2   153
275 465 3   719
425 450 3   252
279 484 5   362
411 434 4   848
274 494 4   415
289 384 1   464
489 534 1   211
590 571 1   205
537 629 1   278
580 414 2   146
555 455 1   630
498 410 1   514
504 350 2   527
511 467 1   240
482 387 2   626
615 569 1   299
404 545 2   591
599 328 2   442
348 488 1   354
547 406 2   595
428 544 1   762
291 262 4   363
611 365 1   155
380 265 4   782
392 354 3   427
432 220 4   689
524 198 4   583
366 415 1   702
313 437 5   819
194 438 3   499
201 620 1   230
593 432 1   806
500 580 1   551
491 614 2   342
