387 465
39
227 240 1   366
191 288 1   168
177 112 8   328
235 156 1   458
141 147 2   334
181 236 2   696
226 119 2   613
243 216 2   576
132 152 4   435
132 259 1   601
231 140 2   499
228 155 2   557
111 122 6   682
115 256 3   656
222 289 1   292
231 265 1   442
215 275 1   633
205 297 1   152
100 168 2   626
199 235 1   405
111 236 3   547
230 171 1   551
172 222 1   250
209 265 1   169
236 234 1   505
86  285 3   749
79  144 7   191
227 186 1   497
112 133 4   687
163 253 1   236
243 215 2   203
225 190 2   321
183 212 1   519
204 145 2   309
147 108 4   291
96  151 5   155
145 215 1   171
156 263 1   317
153 208 1   180
