657 781
55
262 325 2   531
245 453 2   439
349 181 4   597
299 317 3   993
325 221 3   159
343 495 1   506
372 308 2   328
377 228 3   307
306 186 2   736
194 447 2   753
223 433 2   296
158 401 2   222
195 353 1   358
206 255 2   676
311 317 1   915
299 245 3   541
164 279 8   513
401 376 2   894
229 351 3   691
426 247 3   724
382 391 1   188
388 163 3   358
145 330 5   218
228 271 3   868
361 479 1   165
341 384 1   192
389 496 1   927
369 181 4   652
348 471 1   407
355 173 4   197
290 177 3   261
334 262 1   906
372 408 1   605
297 312 1   261
228 187 8   215
305 450 2   274
182 503 2   387
344 280 1   738
260 330 4   195
320 346 2   956
281 391 1   658
161 171 10  608
295 238 6   255
152 206 8   880
184 400 2   562
399 417 1   353
199 202 7   888
225 493 1   446
291 305 3   556
175 166 3   977
264 401 1   742
143 180 2   556
355 461 1   795
338 439 1   736
412 262 2   729
