374 276
45
108 148 3   602
90  93  6   741
227 74  2   853
121 164 3   166
134 165 1   462
217 144 1   966
118 78  8   818
120 120 2   512
106 110 2   222
156 163 1   665
87  133 2   872
242 70  2   422
213 132 1   969
197 86  3   367
182 120 3   567
234 57  4   245
230 145 1   758
233 139 1   899
219 109 1   292
206 81  2   847
198 138 1   867
214 70  3   504
95  137 4   882
230 150 1   780
213 125 1   780
116 74  2   958
227 84  2   896
229 91  3   502
230 149 1   934
223 66  4   668
109 93  4   204
99  56  6   468
232 168 1   586
148 80  5   819
212 135 1   283
125 152 1   231
139 169 2   279
96  69  12  747
110 106 2   623
177 140 1   269
158 70  6   601
140 82  6   790
195 57  3   276
206 176 1   697
161 148 1   397
