287 305
60
90  75  11  201
119 111 3   287
105 183 2   383
96  69  1   257
117 98  6   179
145 85  3   205
163 102 1   273
77  93  6   271
167 62  4   386
64  143 1   140
128 155 1   409
162 183 1   250
135 160 1   316
173 107 1   208
133 156 2   487
97  173 1   270
59  102 7   194
94  181 3   291
150 195 1   397
181 114 2   226
67  75  10  178
85  151 6   267
72  177 3   320
87  100 2   284
110 93  5   267
129 184 1   390
134 79  2   447
155 185 1   287
118 159 2   140
118 127 4   293
143 189 1   211
117 89  1   296
157 96  3   316
114 167 2   461
72  104 2   199
127 184 1   231
143 169 2   322
68  139 6   542
182 74  3   359
89  190 2   276
112 174 1   349
127 63  3   203
115 76  3   491
148 154 1   267
131 122 3   194
106 155 2   221
138 61  7   286
162 155 1   190
76  76  2   386
124 131 4   245
80  105 1   480
155 89  2   213
99  104 4   549
69  169 4   202
81  186 3   373
73  195 3   186
183 114 1   200
156 170 1   392
78  195 3   269
106 145 2   243
